-38.64, 70.31, 8.59, -46.42, -6.52, 18.91
-53.79, -45.82, 84.91
63.96, -33.19
70.55, -71.01, 41.78, -83.93
-77.79, 24.09
99.91, 42.06, -51.04, 50.66, -15.8
34.2, 32.11, -95.95, -60.19, 20.35, 66.82, -76.14, 56.48
-18.32, 26.05, -69.56
93.89, -22.49, -3.36
-80.51, -32.03, 25.44, -47.85, -55.89, -92.81
-28.4, -92.63, 40.51, -89.32, 4.43, 10.44, 55.6, -35.42
-33.36, 96.29, -31.37
22.46, -27.61, -10.33, 13.65, -58.63, 16.38, -25.19
53.88, 20.06, 91.43, 75.03, 37.66, -74.46
-7.73, 39.87, -10.52
75.2, 2.62, 4.48, 40.36, 31.15, 8.49, 53.16, 56.71, 7.14, -9.87
-88.19
-50.53, 81.97, -21.1
80.89, -96.99, 67.04, -95.37
81.71, 30.21, -70.53, -99.21, 43.99, -96.53, 12.81, 59.37
-61.82, 9.44, -92.47, -98.88, -94.37, 20.28, -84.04
-6.67, -91.47
-15.76, 1.83, 11.28, 10.7
-5.98, -32.74
39.03
48.13, -81.7, 59.84, -45.28, 35.63, 70.57
-5.28
32.18, 4.9, 93.01, -44.75, -98.48, -49.99, 36.67
45.98, 93.1, 49.82, -24.27, 67.11
-49.1, 49.24, -85.37, 80.79, -30.51
22.39, -41.62, 97.5, -95.72
0.03, 69.14, -12.84, 92.33, 33.56
40.01, -82.2, -30.08, 41.64, -49.53, 44.54
83.41, -41.5, -75.73, -87.39, 34.88, -21.38
38.98, -84.92
-99.89, -90.27, -43.66, 59.61, -75.82, -65.49, -5.98, 20.77, -75.63, -59.78
62.74, 92.0, 94.93, -21.4, 53.25, -68.12, -88.45
18.97, -23.46, -74.71, -57.24, 57.32
-39.84, -61.37, 35.88, 31.7, 5.3, 23.81, 38.53, -92.88, -36.72, -93.86
75.91, 88.24, 75.47
-43.3, 43.95, -55.98, -89.79, 17.5, 15.48, -12.72
95.4, 64.93, 62.36
-51.34, 17.99, -1.78, -39.12
61.55, -44.09, -30.76, -69.05
-69.28, 76.33, -40.64
-86.89, -63.53, -43.4, -12.33, 21.31, 30.67
44.67, 85.7
-56.71, -63.16, -48.42, -59.37
64.49, 20.03, 95.23, 36.66, 32.8, 86.83, 45.64, -50.1
36.36, -59.07, 75.68, -49.53, 60.38, 31.56
18.85, 85.24, 25.82, 81.12, -3.17, -32.71, 32.53
-7.73, -43.37, -30.64, -19.98, -45.64, -10.62, -14.0, 43.2
10.03
17.79, -54.05, -41.94, 27.31, 39.97, -56.79, 3.74, -97.19, -62.53
-91.91, 25.73, 85.75, -78.16, -98.56, -19.31, 18.98
32.35, -79.76, 57.03
-98.86, 45.5
18.01, -45.98, 70.61, 27.21, 21.16
72.7, -68.01, 89.33, -57.88
-61.43, -58.19, -38.99, 2.48, 98.16, 75.08, 23.56, -33.09, -72.52, -35.06
28.94
8.55, -58.49, -65.22, -85.44
-41.36, 76.23, 93.4, -59.36, 41.54, 39.5, 39.46, -72.62, 1.4, 78.41
74.51, -83.74, 41.57, 59.42, 3.93, -50.2, 4.36, 72.83, -46.64
-43.6, 97.24, -10.01, -81.6, 8.02, 5.8, -98.25, -3.23, -92.55
-30.35, -98.43, -62.66, 56.63, -73.06, -2.02
-0.93, 5.54
53.61, 37.94, -1.32, 28.09, -97.54, -84.25
77.98, -10.21
86.38, -22.32, -97.03, -27.0, -9.21
86.92, 68.13, -79.53, 98.57, 83.36, 39.97
-17.51, 7.13, 7.85, -16.43, -72.89, 15.23, -21.96
98.57
71.1, 96.28, -60.31, 1.26, -83.36, 50.03, 30.51, 61.15, 16.05
-26.22, 99.75, 68.47, 32.96, 65.97, 1.62, -67.72, -85.15
-14.91, 81.16, 9.17, 20.02, 51.09
-32.33, 2.35
50.61, -20.69, -36.82, 39.08, -84.75
-47.12, 16.24, 73.98, -68.2, 14.6, -60.95, 55.53, 54.03
95.96, 43.66, -88.18, -9.24, 88.5, 92.6, 6.38, 98.72, 40.58, -36.28
39.74, -90.41, -71.77, -38.69, -15.27, 91.29, -10.08, -37.59, -71.11, -82.7
-88.97, 11.33, 83.15
-91.45, 67.21, -1.23, 86.64, -24.14, 53.65, -7.98
-16.46, 45.94, 61.31, 46.26, -15.66
41.69, -91.45, -67.96, 94.22, -3.04, 56.61, -85.05
86.65, -75.02, 54.03, 34.96, 80.55, -30.14, 4.69, -26.52, -6.05
18.93, 67.12, -72.29, 47.49
-62.68, 5.79
70.47, -55.96, -34.04, -16.37, -94.44
88.71, 96.67, 62.61, -25.15, -20.93, -76.72, 79.96, -76.9, 23.33, -63.91
-42.04, 95.88, -40.37, 15.99, -31.01, 52.97, -36.56, -20.41, 50.62, 57.96
-23.88, 86.57, 97.13, -62.17, -78.3, -85.48, 62.33
90.53, -99.52, -74.7, -99.99, -21.66, -75.85, 70.82, 52.11, 17.6
-62.04
31.75, -37.01
89.51, 97.11, -50.72, 84.36, 69.26, -27.56, -25.1
-29.45, -43.38, 71.28, 94.78, -26.37, 39.39, -10.51
48.5, 80.54, -0.04, -30.07, -57.76, -33.88, 16.56, 32.69, 78.98, -61.38
-41.81, 34.95
79.51, 82.94, 20.78, -76.86, 68.21, -32.69, 70.15, 74.14, 92.77
-52.0, -73.57, -37.95
-19.63, -37.45
84.15, 44.67, 43.58, -87.84, 58.6, 8.61, -55.28, -18.56, -99.85, -43.31
88.58, -99.02
-38.6, 92.54, 27.7, 88.83, -86.24, -33.26, -33.95, -58.31
86.05, 11.41, 78.59, 45.6, -4.25, -66.75, -20.69
79.84, 41.56, 92.67, 19.54, -66.03, 31.97, 15.35, 22.08
29.66, -22.51, 63.0, 62.24, -76.33
81.63, 90.87, -25.39, -41.88, 54.95, 82.55, 15.57, -64.08, 94.64, 17.1
77.04, -52.61, -33.12, -63.36, -87.32, 5.62, 18.03, -39.45, 33.25, -88.1
-21.48, 23.09, 13.4
-40.17, -96.94, -59.28, -19.12
-88.52, 11.15, -74.35, -2.66, -19.09, -29.74, -7.49, -1.64
79.45, 13.64
-95.36, 45.44, 46.72, 74.93, 99.88, 34.2, 83.53, 88.37, -30.35, 42.96
29.35, -50.15, -83.19, -21.51, -58.9, -83.65, 97.13, 75.87, 9.89
-47.75, 13.57, -73.65, 66.32, -96.53, 95.56, 80.09
-91.92, -58.14, -7.51, -74.01, -71.55, 18.24, -89.12, 31.55
-31.97
-65.12, 90.99, 77.97, -2.95, -17.39, -97.09, -48.47, -2.46, -31.31, 38.81
-77.72, -9.56, 66.07, -13.62, 73.63, 62.89, 3.26
38.33, -80.56, -9.57, 95.16, -95.8, -35.64, -15.47, -71.38, 82.62
78.91, 78.84, -15.9, -22.47, -13.36, -32.96
-18.95
95.44, -49.46, 68.72, 9.45, 42.01
11.24
-99.16, -0.5, 85.85
45.73
54.54
-51.07, 4.65, -64.39, 96.93, 58.23, -36.11, -35.97, 24.06, -15.07
-23.36
6.74, 14.42, -13.73, 30.29, 35.25, 36.3, 98.1, 29.14
50.93, -67.19, 71.4, 74.9, -92.27, 9.11
48.23, 0.23
-7.87, -63.62, 14.18, 93.68, 71.94, -86.14, 43.04, 51.6, -61.03, -80.59
-98.45
4.25, -11.05, -5.78, 89.51, -95.99, 2.95
61.27, -96.82, -98.51, -80.89, 1.23
94.78, 70.19, 24.84, -80.69
65.28, -0.7, -81.03
-45.22, 51.59, 16.85, -12.86, -15.27, 95.77, 15.38, -57.5, 98.22, -41.11
72.16
72.34, -13.25, 27.43, -53.99, 38.72
39.14
6.2, -87.26, 34.75, -55.49, -86.07, 49.26
21.24, 32.76, -5.99, -14.49, 89.75, -39.71
-40.82, 97.56, -60.05, 9.47, 2.69, -50.45
79.23, -41.13, -95.88
49.61, 81.85, -23.53, -40.0, -1.56
-81.66, 99.22, -75.64, -40.81, 22.01, -99.37, 70.29
21.01
54.68, 77.45, 75.36, 11.65, 41.26, -2.38
64.05, 33.65, -95.86, 27.36, 45.9, 41.02, -82.43, -66.27
-33.14, -58.74, 67.67, -83.73, -66.2, -74.59
55.38, -28.01, 71.71, -30.18, -27.06, -80.77, 89.34, -65.43, -5.21
30.82, 19.87, 1.57, -82.23, 63.4, 36.17, -65.86, -2.22
41.39, -8.41, -55.38, 45.07, -33.94, -81.92, -92.21, 70.76, -52.07, -65.26
50.62, 39.56, 62.5, 68.98, 5.29, -38.57, -35.11, 71.72, -73.53, -52.73
51.72, -86.18, 64.88, -10.82, -44.9, 91.99, -98.38, -69.27, 38.94, 33.08
9.88, -39.75, 7.99, 19.02, -62.26, 50.11
14.36
-53.36, 93.93
99.61, 10.84, -77.62, -65.34, 30.18, -73.49, -34.74, -38.87, -90.68
18.44, -57.13, -14.2
31.24, 64.4, 64.46, -22.79, -25.31, 7.76, -65.88, 23.21, -26.54, 77.88
51.47, -0.93, 37.53
-97.27, 49.29, 2.2, 58.02
-97.03, 51.77, -75.07, -69.91, -91.5
31.86, 21.81, 74.55, -38.6
9.17
7.34, 46.42, 63.5, -26.02, 78.41, -60.0, -27.9
41.77, 50.97, -14.96, -11.16, 19.24, 0.2, -52.93
90.74, 53.27, 78.81, -98.36, 73.37, -73.25, 89.55, -62.04, 69.77
-62.47, 90.63, 53.94, 22.26, 2.39, -71.95, 76.87, 82.92, 49.9, 90.36
-61.81, 57.45, -68.39, 42.24, 69.48, -93.03, 48.55
-88.79, -0.07, 98.14, 5.16
31.17, 33.53, -9.33, 71.56, -71.22
79.38, -17.18, 24.68, -27.73, 78.39, 92.26, -33.1, 89.66, 43.01
-61.79
36.26, -55.65, -47.36, -58.93, 20.86, 97.09, -23.35, -69.16
95.88, -18.74, 76.61, -30.23, -59.9, 56.92, 82.44, -82.49
-36.44, -97.61, -24.62, 36.92, -9.87, -75.84, -74.47, 54.94
-74.15, 45.16, -21.36, -84.46, -53.42
-49.73, 88.36, -2.51
-45.67, 97.34, -60.45, -45.53, -53.78, 99.11, -36.44, -10.35, 12.69
39.45
-33.87, -8.48
80.47, -21.54, 85.79, -11.95, -92.43
-38.79, 28.95, 83.61, -40.5, -47.08, 74.99, 59.98, -35.01, -61.29, -2.76
-32.03, -28.13, -62.41, 79.38, 90.29
78.72, -87.68, 69.69, -51.47, -93.47, -88.45, -2.88, -19.06, 54.11, -38.14
90.28, 60.17, -25.98, -69.57, -74.14, 56.72, -51.3
-59.22, -56.16, 52.66, 3.99, -30.93
38.96, -84.87, -51.4, -89.58
-3.84, 65.87, 73.92, 50.76, 78.88, 83.0, -87.16, -3.76
-20.83, 20.05
78.81, -16.1, -88.46, -12.02
-32.31, -80.35, 28.56, 47.57, -44.35, -19.91, 45.34
79.73, 76.59, -98.32, 32.3, 23.93, -31.13
-67.1, 40.3, 73.38, -11.54, -83.29
-70.46, 61.21, 36.9, 63.86
29.36, 31.37, 20.97, -65.99, -60.38, -24.16, 43.98, 4.24, 53.22, -67.18
-36.51, 53.98
-56.3, -40.94, 83.9, 44.51, -13.44, 78.44, -99.73, -24.43, 25.41, -82.23
-32.16, -96.67, -9.95, -43.89, -83.76, -46.87, 23.55, -8.95, 45.22
-10.93, 63.36, 4.83, -84.15, -88.41
69.38
81.3, 3.16, 72.15, -33.6, 37.2, -23.17, 73.77, 80.42
-66.35, 81.05, 33.81, 17.76, -35.85, 39.09
-14.72, -71.65, 52.29, 72.73, -95.81, 46.77, -88.13
95.79
53.87, -75.65, 84.09, 75.75, -43.94, 4.63, -69.79, 25.61, 23.29, 94.17
-73.45, 8.01, 71.01, 10.49
11.75, -10.6, -4.54, 17.09
-71.27, -74.15, 59.51, -72.93, -74.98, -14.12
61.95, -50.73, 18.71
-8.66, 44.76, -84.25, 25.42, -93.76, 94.07
81.43, -36.61, 20.23, -23.89, -66.26, -19.95, 47.65, -31.75, 10.13, -67.74
-12.55, 39.24, 48.23
-39.18, -91.54, -21.12, -87.87, 49.74, -53.89, -91.98, 24.87, -46.61
-59.57, -27.86, -31.93, -75.62, -22.57, -88.77, 46.44
95.26, -10.36
-79.92, 19.55, 68.71
71.82
32.28, 94.37, -2.96, 24.57, -40.15, -93.6
-85.2, 53.52, 97.68, 88.14, -32.52, -9.2, 66.33, 8.45, 47.63
-14.7, -32.8, 14.64, 55.9, -13.54, -16.38, -18.37, -18.27
8.06
-25.72, 2.49, -99.06, 77.49, 34.55, -66.5, -50.27, 96.36
39.02, 58.49, 16.43
-8.64, 79.37, 92.72, -28.95, -11.35, 21.53, -14.94, 84.42
99.15
14.27, -72.87, 97.28
79.12, 56.76, 68.49, 79.01
32.14, 6.56, 93.26, -64.83, 52.4, -24.52, 65.65
88.22, -38.17, 42.24, -1.52, -36.06, -66.75, -89.58, -67.45
8.37, 28.75, 66.11, 97.9
67.42, -57.71, 55.31, -61.66, 98.96, 21.08, -94.56, 14.43, 41.41
-65.02
50.21, 44.37, -50.82, -49.65, 55.42
28.31, -98.98, -9.15
-20.91, -69.62, 14.44, -17.04, 0.08, 27.98
45.74, 39.63, -59.64, 27.24
-60.41, -59.73, 80.14, -72.41, 46.51
8.15, -38.63, 49.05, 66.99, -84.96, -83.19, -14.98
21.41, -64.16, 60.46, -74.49, 84.31, -65.63, 68.29, 0.09, -44.61
-30.87, -14.69
-48.2, -16.15, -38.03, 94.59
41.49, -21.99
87.21, 89.65, -90.51
-62.97, 68.8, 50.53
97.97
25.18, 96.05, -84.2, -16.24, 5.45, 84.33
-7.18, 21.59, -55.86, -70.93
78.24, -32.06, 81.61, 40.58, 85.56, 35.18, -45.04, 58.1, -99.54
58.55, -38.71, -18.33
-57.61, 64.28, 34.23, -80.07, 82.67
-60.49, -79.6, -23.14, -28.1, 45.52, 20.01, -63.64, 29.4, -90.85
1.19, 87.92, 38.92, -24.31, 26.29, -29.06
-57.87
-85.96, -34.77
-89.98, 75.57, 67.38, -23.74, 54.47, 94.31, 27.95, 63.19, -91.49, 3.18
39.07, -28.02, -8.44, -33.81, 31.91, -32.24, -10.65, -34.9, 46.47
75.46, -44.33, -31.38, 4.41, 72.43, 0.83, 30.12
9.83, 81.45, 64.61, 20.02, -60.87, 24.77, 87.84
65.9
45.82, 0.11, -86.37, 0.52, -52.94, 8.77, -39.18, -49.58, 21.38, 28.75
-38.0, 46.99, -96.55, -74.0, 93.02, -69.53, 77.33, -41.21
-47.99, -82.76, -46.67, 70.48, -70.83
-25.42, -98.02
-3.3, -77.43, -84.98, 86.77
-83.66
38.81, 74.73, -73.41, 53.22, -84.3, -97.11, 68.23, -79.75, 15.53, 49.66
-19.57, 73.54, -87.22
29.38, 45.03, 46.4, -20.39, -16.55, 62.02, -27.47
-28.75, 32.33, -75.66, -65.82, -96.77, -82.45, 23.68, 12.78, -23.81
-46.39, 8.7, -30.63, -56.25, -94.73
1.6, 82.04, -32.27, -37.4
-29.77, 78.25, 35.22, 36.53, 77.89, -24.76, 40.35
95.92, -91.44, 14.96, 33.2, -72.08, -59.0, -60.64, -34.71
47.51, -19.18, -75.25, -98.94, 8.15, -78.11, -79.45, -86.44, 64.75, 44.53
54.72, -75.42
82.72, 21.4
29.09, 62.26
-79.63, 48.73, -30.71, 22.49, 98.4, 29.79, -33.44, -42.4, 50.52, 32.21
-52.35, -64.87, -15.77, -31.63, 10.42, 59.01, -34.51, 40.29, -42.97
3.72, 29.95, -89.7
-75.56, 96.89, 82.18
-16.52, 77.18
-10.16, 73.3, 29.86, 9.88, 26.9
-53.15, 70.94, -82.04, 67.95, -39.53, -11.1, -29.4
-98.94, 74.84
-60.97, -28.09, -85.33
-83.38, -17.71, 48.73, -45.22, -75.81, -75.49, -52.03, -9.73, -39.19, -16.03
-32.29, -28.32, -39.2, -68.55, 77.73, -36.46, 89.51, 47.94, 51.93, -8.39
62.69, -28.75, -92.43, -69.92, -43.4, -12.72, -44.87, -36.48
50.67, 28.24
76.12, 24.71, -39.24, -38.87, 75.17, 79.64, -15.36, 7.56, 1.5, 90.59
24.51, 92.26, -41.37, -81.63, 72.51
-45.66, 54.36, 99.78
79.47, 47.53, -83.36, 99.22, -69.43, 47.52, -83.47, -13.0, -45.83
-30.19, -62.97, 89.29, 39.94, -41.26, 60.2, -54.4, 44.05, 88.05
-84.64, 82.84, -20.91, -11.88, 10.95, -88.72, -64.25, -44.44, -14.28
-7.7, -68.42, 54.97, 33.33, 70.24, 27.36, -99.16, -17.14, 59.62
68.3, 40.64
-74.09, -49.54, 77.33, 28.66, -93.41, -62.73
-59.88
-93.28, 38.56, 82.67, 87.29, -15.76, 53.88, 72.33, 43.16, -40.3
70.12, 59.69, -34.87, 60.02, 29.15
52.42, 0.76, -92.54, -29.0, -4.54, 88.32, -43.62
11.54, -31.34, -39.59, 37.85, -57.67, -77.4, -63.31
-35.05, 57.61, 56.51
-21.22
-63.17, -75.65, -91.26, -95.65, -24.27, 10.78, 62.42, -95.16, 27.15
22.88, -9.49, 85.96, -93.14, 94.52, -29.23, 85.44, -15.32, 37.8
-14.63, 42.09, -1.89, -86.68, -0.53
-47.59, -37.41, 73.62
-58.48
-12.08
75.92
14.49, 10.14, -28.55, 40.05
99.3, 48.0, -1.61
86.54, -35.89, -26.58
-37.56, -14.95
36.03
-34.31, 43.1, -73.1, 68.96, -77.52, 53.39, 46.35, 23.88, 13.69, 75.45
-72.62, -41.82, 35.47, -84.81, 83.0, 48.16
-62.75, 72.26, 20.44, -59.2, 53.28
-36.75
-37.62, -44.63, 52.71, -11.69, -92.46
-46.24, -46.3, -38.58, -22.24, 61.67, -0.62, -66.35, 56.38, 76.82, 81.85
69.28, 85.8, -65.47, 75.13
1.07, -33.95, 77.77, -66.04, -6.23, -90.64, -31.96
-76.05, 13.27, -59.42, -88.27, -26.94, -32.9, 56.49, -7.72
83.04, 95.85, -92.71, -24.04, 58.43, 15.44, 51.28, 6.64
-75.52, -23.42, -55.83, 15.95, 40.88, 8.57, -34.15, -24.0
-18.91, 17.55, -39.71, 88.24
-21.4, 20.68, 16.31, -19.45, -28.91, -31.94
38.72, -58.68, -16.91, -25.19, -68.08, 26.62, 77.66, -79.06, -95.32
-21.2, 74.63, -4.75, 48.98, -21.16, 60.27, 17.9, 17.89, -19.96, -46.49
63.34, -65.73, 7.86, 31.52, -42.79, 78.22, -23.1, 0.27, 18.75, -3.92
82.77, -3.61, 73.33, 17.77, -5.58, 22.59, 53.22
-16.15
88.12, 45.84, 14.13, 26.68, -90.3, -94.82, -74.88
17.15, -65.8, -54.28, 71.7, -89.32, 97.75, 30.85, -39.28
44.24
-15.8
82.77, -43.85, 58.76, 75.64, 93.39, 45.92
-47.95, -9.3, -25.31, 32.87, 73.54
-62.96, -6.23, 1.07
-69.61, 48.64, 54.08, -61.22, 76.73
57.8, 59.05, -57.92, -2.79, -41.9, 42.14, -9.26, 39.88, -5.33
-88.09, -57.58
95.53, 63.05, 75.54, -15.17, -90.2, -15.24, -43.64, -11.0, -16.16, -26.61
78.99, -58.78, -48.67, -28.1
48.01, -98.88, -86.47
6.44, -78.34, -24.72
-31.28, 21.56, 41.35
-92.56, -85.81, -20.24, -82.51, -39.75, -23.4, -51.11, 65.38, -16.8
-7.34, -82.08, -82.5, 64.53, 79.09, -35.83
13.2, 87.03, 84.91, 38.21
61.57, -30.98, 97.52
34.29, 50.75, 25.84, -66.86
-87.77, 88.92, 70.07, 22.73, 16.04, 48.87, -1.65, -86.75, 53.16, 30.31
68.9, -82.12, -66.24, 68.86, 53.97
16.56
-9.55, 30.78, -40.66, 46.41, -83.91, 26.94, 81.12, 0.83
-49.13, 97.78, 81.5, 1.97, 97.57
-91.59, -16.74, 67.51, 95.05, 46.31
55.73, -82.21, 15.99, -66.08, 81.55, 78.61, 78.05
-95.18, 61.6
81.9, -3.29, -96.88
24.76, 48.64, 7.85, 18.99, -62.67, -67.9
-98.31, 3.57, 17.17, -54.23, 89.34, -98.81, 90.11, -85.42
-14.9
-62.52, -90.23, 17.18, 89.04, 96.32, -3.82, 15.57, -30.62, 65.9, -57.47
30.55, -81.03, -36.75, -12.29, -32.53, 30.08
-36.86, -10.84, 72.7, 62.91
41.48, 26.47, 17.72, -58.72, -25.69, -58.5, -60.47, -5.45, 51.89, 6.21
-60.88, 99.43, 4.32, -86.77, 94.71, 9.31, -98.37, 10.69
20.43, -79.02, 85.29
0.65, -14.17, 87.88, -26.85, 2.53, -75.21, -87.95, -77.93
82.06, -37.8, 81.03, 71.98, -8.89, 4.39
-94.56, -14.77, -33.44, 41.67, -52.03, 30.7, 46.8, 26.19, -55.81, 80.51
-13.76, -71.73, -82.16, 42.5, 52.32
-5.99, -7.69, -31.38, 97.37
57.55, 35.01, -86.59, 93.58, -27.51, -35.76, 67.41, 48.6
-70.71, -5.78, 90.29, 79.85
-44.42, 70.19, 57.6, 20.92
-75.98, -82.69, -79.57
11.17, -30.02, -62.53, -4.12, -93.58, 61.72
89.79, -37.7, -81.59, -52.83, -77.5, -8.41, -97.37
-7.34, -60.64, -64.69, 16.37, -1.13, -26.9, -78.33, -33.52, -81.14
51.84, 12.94, 23.29, 34.5, 25.16
-21.61, -65.83, 77.52
76.82, 16.32, -28.48, -68.32, -32.98, 35.2, -79.03, -62.33, 69.48
-95.55, 80.29, -53.83, 43.92
98.12, -9.51, 4.22, -65.34, 3.69, -54.13, 2.79, -67.71, 54.37, -31.66
-29.43
-69.95, -45.49
34.14, 35.11
-28.87, 16.03, -25.21, -35.69, 15.26, -2.07, -18.07, 14.28, -86.93, 74.54
68.63
84.9, -33.03, 13.46, 20.65, 42.65, -30.59, -45.34, 88.89, -91.81
51.91, -55.38, 27.68, 51.41, -62.78, -27.89, -53.58, -56.83, 2.61
-93.28, 2.95, 51.81
-75.54, -47.06, 52.88, -36.03, 66.41, -51.95, -34.52, 87.87, -79.3
98.52, 86.71, -23.43, -61.03, 0.71, 40.36, -94.99, 9.45
-26.74, -22.27, 42.73, 59.59, -90.11, -94.77, 24.64, 70.88
18.87
-20.65
90.44, 60.24, -51.83, -83.76, -41.88, -73.37, 48.89, 54.31, -67.02
-83.08, 93.11, -35.87, 71.08, -50.23, 65.91, -2.5, -35.82, 43.7, -47.43
5.33, -34.64, -3.83, 70.62
71.9
-31.61, 44.63, -7.42, -62.96, 43.5, -43.43, 76.64, -81.74
-36.73, 23.27, 56.5, 99.61, -29.16, 99.67
8.39
47.34, 88.99, 75.24, -15.94, 73.05
-73.45, 7.25, -77.06
-30.79, 25.38, 23.29, -82.32, -36.99, -70.3
-79.79, 53.35, -46.15
-49.99, -40.12
-96.55
-1.95, -92.64
51.54, 34.68, 93.57, 43.89, 64.24
58.69, -33.65, -4.65, 14.57, 34.21, -21.93, 75.4, 34.63, -75.71, 15.69
-43.94, 3.69, 98.18, 10.39, -47.6, 48.82, 12.14, 49.77, -58.53
-72.64
-85.29, -88.68, 99.72, 84.86
15.02, -53.1, 37.15, -7.93, 56.45, 79.94
-73.51, -44.27, 97.13, 12.47, -60.59, 57.81, 36.62, 20.17, -44.35
32.01, -7.69, -95.57
-81.5, 56.36, -69.57, 78.01, -24.47, -43.47
-96.32, 47.41, -70.6
-7.76, 80.49, 25.86, 11.49, 36.81, 94.4
57.78, -25.66, -92.9
13.42, 88.86, -27.95, -54.48, 29.19, 29.58, 59.2, -63.79
26.93
31.77, -59.55, 46.29, 16.05
88.65, 93.06, 77.18
-68.16, -24.27, -83.48, 4.57, -84.81, 92.18, -1.2, -95.64, -19.65
68.34, 32.64, -88.19, -76.79
68.0, -72.84, -95.98, 86.17, -66.7
81.44, -43.31, -90.26, -65.78, -68.12, 91.28, -6.67
56.37, 49.21, 22.28
99.98, -14.81, 64.33, -50.17, 21.44, -8.31
61.3
1.08, -28.18, -65.13, -76.31, 26.58, 83.44, 11.45, 9.83, -81.37
99.84, -42.18, 64.86
26.55
-1.26, -75.41, 15.04
-7.01, 2.61, 63.93, 70.9, -84.5, 21.9, 2.04
90.0, -68.23, 2.82, 64.23, 34.53, 22.45, -68.7, -6.39
2.82
77.92, -17.17
48.75, -24.51
-94.44, -43.1, -17.63, 64.49, -95.38, -53.21
70.34
40.18
34.5, -27.86, 64.09, -31.61, 82.54, -12.28, -68.89, 58.35, -65.0, 52.29
-92.75, 43.88, -56.71, -77.88, -2.27, -28.53, 40.96, 2.72
-13.74, 87.88, -71.26, -49.33
57.9, 2.3, -28.77, 97.29
-69.32, -24.03, 25.24
88.65, 91.74, -74.27, 65.64, -3.1, 12.03
-17.52, -33.0
-71.38, 57.73, -17.93, 68.34, 95.56, 88.01, -67.34, -50.53
77.96, -33.86, -23.82, -40.84, -49.24, -63.24, -41.07, -13.37, 77.26, -31.61
25.26, -41.77
2.19, 30.94, 69.77, -16.43, 77.47
76.19, 37.22, 96.26, -99.94, -29.17, -92.2, -63.24, 71.21, 15.53, 36.55
-55.36, -44.97, 1.87, 98.92, 61.64, 40.83, 27.21, 42.6, 91.17
12.92, 76.48, 19.15
80.72, -52.22, -59.01, 66.7, 69.13, 26.09, -11.29
36.93, -93.74, -86.14, -33.73, -53.59, 10.97, -74.57, -77.72, 29.26
-23.06, 81.65, -56.43
27.62, 96.83, 26.38, 92.3, 63.65, -58.79, -12.92, -8.32, -71.69
-68.15, 58.79, -25.66, -39.81, -54.4, 22.03, -72.1, 24.36
57.66, -29.82, -40.57, -90.92
26.82, 78.28, 43.22, -56.01
-44.99, -56.42, -6.48, -49.33, 57.48
-96.22, 10.31
79.35, -93.13, 4.43, -82.15
-82.91, -58.29
-73.63, -9.75, -86.46, -11.09, -37.12
-60.95, 6.71
-74.03, 0.74, -10.11, -22.61
47.81, 93.17, 85.45, 34.49, 22.04, 2.82, 28.77, 33.93, -77.09, 37.83
-65.68, -57.81, 97.4, 53.28, -64.23, -98.42, 72.29, 4.11, -42.28, -30.45
6.69, 35.72, -44.2, 30.76, 94.24, -6.91
-65.56, 96.46, 61.01, -44.24, -53.55, 7.37, 67.9
-79.76, -39.03, -78.16, -70.28, 72.79, 26.39, 43.84, 51.54
-71.44, -62.36, -59.05, -40.16, -50.6, -13.77
8.76, 50.47, -83.17, 92.08
-81.84, -93.72, 2.75, -80.08, 77.68, -14.23, -33.11
-55.9, 62.95, -99.28, 90.73, -30.33, -35.85
-49.66
75.72, 96.09, 91.13, -85.75, -52.07
-70.62, -4.45, 0.58, -48.26, -60.67, 92.29, -90.45, 31.08, 82.91
65.72, 56.7, -73.1, 58.25, 22.6, 40.17, 73.14, -95.33
-7.18, -21.53
86.79, 38.3, -88.13, 24.32, 45.5, 3.2, 5.03, -10.54, -43.35
96.27, -71.05
-9.46, -48.97, 62.34, 24.12, 93.17, 65.32
21.94, 63.23, 68.54, 62.84
-65.08, -60.24, 81.97
99.99, -47.28, -96.32, -0.2, 59.06, -63.87, -45.13, 57.77, -84.88
10.35, -20.91, 54.08, 96.65, 25.96, -89.13
72.54, 93.97, -27.84, 31.59, -53.21, 75.38, 62.34, -58.64
-39.77, -77.28, -18.1
-30.22, 68.79, -61.59, 19.15, 37.21, -90.26, 10.56
90.99
-51.77
78.78, -78.5, 69.12
-4.16, -88.64, 89.31, -88.05, 9.03, -64.86, 46.11, -67.54, 80.71, -86.57
-24.92, 69.8, -37.6, 2.25
9.74, -7.09
97.17, 77.14, 81.06
95.84, -29.06, -51.28
-19.57, 56.09, 30.05, 94.47, -62.96, -25.09
8.73, 89.99, 21.02, -88.16, -47.68, 28.75, 46.59, -18.08
-92.88, 6.76, -60.45, 89.66, -57.62, -78.54, 52.31, -32.28, -88.13, 89.72
-62.41
90.57, -63.86, 33.63
20.78, 99.44, -16.78, 62.48, 84.28, 32.44, -65.34, -16.43, -76.62
74.29, -88.4, 11.93, -29.38, -47.06, -85.84, 71.8, -37.28, 25.79
-6.76, -20.53, 20.44, 0.37, -46.27, -32.36, 6.4, 46.77
-11.81
51.0, -41.92, -97.47, 32.65, 6.97, -42.31, 48.58, 79.73, 82.22, -91.58
45.67, -21.8
-49.77, 12.85, -46.71
-57.05, 89.29, -15.67
39.75, 55.1, 26.82
-78.37, 22.64, 19.32, -6.31, 72.65, -5.07
85.75, 3.4, -28.28
-37.5, -34.02, -64.53, -44.46, -14.44, -74.93
35.14, 54.63, -0.26, -1.03, -69.94, 29.29, 1.58, 29.69
14.08, 86.35, 5.73, -83.01
67.79, 29.07, -84.79, -2.54, -95.43, 53.86
-16.11, -88.98, 88.27, 60.97, 68.34, -94.21, 71.71
-76.92, 6.09
-76.19, -67.05, 26.51, 18.71, -37.19, -63.62
-35.55, 67.53
-40.39, -75.77, 40.27, 27.77, 11.97, 17.7
39.77, -45.53, -43.5, 79.1, -56.02, -15.82
-2.28
78.11, -5.06, -4.97, -66.44, 48.59, 93.34
-35.13, -47.15, 71.44, 36.29, 82.38, -72.92, 40.06, 43.95, 81.41
52.94
98.72, 68.18, -13.15
-27.93, -79.35, 27.35, -0.07
-1.59, -83.91, -12.19, 17.45, 47.37
-41.51, 32.65
26.11, -60.65, 60.39, -33.49, -12.15
-48.47, 48.61, 84.01, 26.28
-8.11
56.87
1.85, 83.53
-33.59
-23.96, 82.42, 42.6, 78.46, -83.02, 41.04, -78.75, -38.48
-58.38, 7.19, -1.49, 99.3, 25.63, 11.22, 97.4
13.17
-46.58, -63.33, -46.1, -56.53
-15.2
49.97
92.21, -26.05, -48.46, 41.72, 53.13
31.54, -13.63, 75.45, 0.74, -31.45
-27.55, -62.28, 30.51, -45.1, -99.22, -36.67, -38.3, -1.37
-17.17, 35.09, -28.81, -85.45, -81.47
-2.91, 12.87
91.32, 51.47, -77.42, 26.09, 93.77, -8.17, 23.89, -25.09, -64.8
-39.27, 20.73, -70.91, 12.7, 54.96
-54.49, -22.41, 74.88, -27.41, -94.25
2.96, 41.21, -30.12, 35.85
12.62, -75.76, 94.4, -74.48, -65.13, 79.22, 21.85, 84.17, -12.62
5.29, -74.31, 54.27, 91.21
17.28, 68.35
-74.59, -50.99, 46.54, 61.17, 16.57, 57.22, 75.55
67.32, 94.43, -60.35
93.15
-16.14, -24.01, 89.32, 51.26, -22.47, 70.77
66.18, -72.15, -1.49, -74.25, 84.81, 78.73, 80.47, -37.24, 86.83
-81.88
-45.22
97.17, 27.9, -41.39, -71.32, 3.53, 28.24, -43.45, 72.95
-36.48, -50.46
97.52, 51.63, 95.21, 84.21
-47.27, -70.46, -13.24, 17.15, 93.63, -10.28
57.16, -74.42, -27.34, 32.57, -97.4, 48.01, -59.85, -9.56, -66.58
-72.59, 92.92
75.21, 23.15, -28.32, 52.76, -61.76, 60.99, 39.13, 36.77
-82.84, 58.83, 34.8, -74.27, -82.99, -36.15, 67.3
-5.77
3.33, 80.73, -51.13, -54.4, -5.4, -91.98, -26.52, -55.69, 47.89, -87.65
-68.09, 97.15, -98.98, 13.11, 77.41, 9.82, -99.11, 91.35
-28.93, 95.78, 24.08, -25.73, -21.83, -49.54, -2.76, 23.16, -40.99
-91.55, -5.83, -98.96, -47.39, -88.47, -47.37, -40.68
79.28, -37.35, 96.36, 10.09, 36.28, 48.92, -93.37, -52.72
94.87, -13.17, 59.95, -41.18, 31.89, 78.96, 39.66, 33.06, 82.02
18.33, -78.37, -79.66, 16.29, 66.34, 57.62
-87.02, 11.82, -17.52, 24.5, -44.29
-69.81, -44.67, -50.74, 83.79, -2.24, 73.81, -78.97
-77.75, 31.82, -98.51, -35.67, -11.83, -79.99, -12.62
-99.05, -45.11
93.79, 76.86, -95.01
2.22, -28.41, -61.64
-4.86, -72.29, 87.27, -36.43
62.59, -13.61, 4.55, 2.29, 41.74, 26.2, -49.94
-55.22, -87.53, 57.7, 40.52, 25.8
10.14, 68.91, 57.52, -87.48, 19.82, -13.06, -21.61, -98.3
-92.65, -9.6, -6.1, 48.39, 7.74, 28.51
-7.61, -46.19, 63.02, -45.88, 53.7, -89.85, -49.64, 74.6
-40.46, 7.05, 90.11, 36.7, 68.91, 90.84, 6.89, 13.82, -23.56, -23.61
-56.55
60.2, -30.4, -17.9, 74.73, 38.36, -16.0
-60.1, -69.97, -35.96, -92.13, -90.12, 29.93, 38.63
-64.7, 65.35, 7.2, -62.23, -55.65
33.57, 61.84, -40.43, -57.43, 98.58, 82.27, 54.01, -41.71, 87.9
-21.22, -28.64, -32.28, -35.24, -54.57, -30.02
70.81, -43.8, -51.59, 76.08, -58.58, 32.7
-92.46, 83.75, -6.68
-42.13, 1.92, 15.94, 81.54, -6.13
-43.83, -86.22, 3.47, 28.94, -73.93, -45.12
-60.96, -51.95, 21.69, 83.38
-73.57
-82.64
-58.84, 75.19, 6.96, -43.04, 23.47, -74.13, -5.59
65.54, -4.39, -83.04, -44.59, -53.56, 38.71, -14.43, -1.17
-51.48, 48.13, 37.07, -39.98, 59.42, 70.92
88.01, 93.98, 83.27
59.89, 21.52, -17.35, 9.69, 39.27, -30.55, -8.97, -20.46, 29.65
26.56, 3.39, 15.22, -66.25
-52.47, -63.05, 51.84, 10.9, -78.26, 68.11, -72.98, 97.18, 57.81, 10.49
26.11
-47.94, -81.09, -73.29, -13.89, -40.84
24.32, 66.39, -38.64, 24.92, 90.22, 90.99
-74.06, -56.64, 88.32, -49.03, 6.96, -29.95
-23.12, 58.85, 59.31, -65.03, 41.44, -35.32
-33.42, 26.71, -54.08, 56.45, 11.49, -85.26, -47.65, -79.89, 5.42, 29.7
-67.04, 63.51
41.59, -97.14, 64.63, 96.06, 39.43, -83.8, -3.07
63.03, -78.08, -31.35, 18.92
-15.23, 98.41, -94.08, 52.29, -58.78, -90.82, -65.59, -85.22
25.15, 96.1, 86.16, -9.16, -65.17, 27.82, 47.86, 36.67, -80.76, 41.88
-70.99, 44.17, -24.67, 24.56, 84.88, -85.89, -73.56
17.13, 28.94, 3.69, 87.93, -11.19, -12.87, 89.9, 43.43, -13.16
59.4, 59.04
-38.26, -93.43, -24.08, 96.19, -7.01, -32.12, -12.76, -15.92
-55.4, -32.28, -95.71, 48.06, -58.45, 57.21
40.33, -61.86, 43.29
-66.67, 3.28, 43.37, -1.1, -65.54, -37.37, -53.36, -29.82
97.09, 74.85, -59.75, 8.81, 26.34, -94.22, 98.96, -52.08, 93.12, 28.28
45.08, 63.7, -16.17, -73.12, 77.76, -72.54, 24.29, 0.85, 81.98
-11.55, 51.75, -24.05
-82.17, 0.92, -38.82
-5.65, 46.6, -59.05, -41.43
46.14, 42.59, -58.77, 67.14, 76.86, 61.41, 43.3, -7.52
-22.22, -31.53, 50.56, -62.12, -60.88
-8.99
88.99, 15.07, -85.05, -42.39, -10.66, -56.02, 75.0
74.55, -99.17, 73.12, -20.96, -2.32, 30.3, -94.69
68.92, 16.63, 96.02, -79.24
-61.84, -13.26, 37.39, -13.42, -93.21, -8.74
-78.72, -21.18, 41.92, 73.4, -50.87, 49.32, 16.97, -14.63
-75.84, -61.84, -88.62
-60.78
-47.03, 93.98, -17.73, -12.33, 88.79, 11.82, 24.97, 22.79, -78.1, 49.6
-52.48, -97.93, 51.73, 76.58, -44.43, 9.28, 17.04, 17.5
-35.89, 64.29, 31.28, 89.57, 80.94, -96.02, -78.36
-45.44, 43.12, 7.4, -31.35, -42.29, 48.39, -58.39, 99.23, 20.87
28.25, 12.44, -23.03, -70.91
93.0, 98.72, -45.3, 94.85, -32.74
-94.99, 26.34
5.99, 44.79, 99.88, -35.26, 58.67, -35.12, 48.37, 52.36, 42.06, -55.71
-55.03, -50.04, -96.4, -94.14, 32.49, 81.55
56.01, 28.72, -87.6, -92.84, -29.68, -93.86, -46.42
68.67, -38.44
29.98, 92.43, -35.81, -59.02, 9.77, 95.29, -6.47, 0.02, -8.48
-6.27, 79.2, -22.11
-26.83, 45.94, 59.97
18.01, -50.77, 37.95, 14.52, 99.95, -8.28, 21.62, 49.71, -42.35
61.72, 14.42, 45.85, 71.86, 35.74, -17.58, -83.9, -6.08
72.5, 78.73, 28.36, 64.78, 91.04, -27.1
15.49, -8.06, -63.36, -97.51, -98.57, 6.64, 53.32, -28.7
50.58, -27.2, 79.06, 33.55, 27.52, -60.44, 87.92
-71.68, -73.21, -65.11, 66.98, 51.85
28.98, 68.0, 47.0, 30.86, 51.88, 16.01, -83.2
20.43, -82.95, -88.82, 59.52, -7.28, 17.99
-18.21, 35.59
-79.09, -85.28, 34.42, -33.58
-77.1, 90.6, 92.71, -5.87, -87.68, 91.53
-90.02, -53.24, -0.44, 76.82, 27.2, -41.41, 20.1, 65.18
-4.15, 46.96, -93.2, 84.01, 97.96
53.7, 60.14, -9.32, -13.76, -35.45, -64.71, 58.36, -48.75, 16.8
95.38, 63.68, 62.01, 74.14, 13.16, 26.2, -80.78, -16.85, 11.95
78.29, -79.02, -21.23
-54.51
-91.72, -73.87, 32.01, -38.3, 30.19, -59.13, 44.87, 84.57
98.66, -0.16, -87.64, 94.96
3.84, -19.56, -1.74, 95.59, 79.7, 3.23, -29.07, 35.53
43.4, 86.4, 26.07
27.65
32.37, -8.28, 20.9, 63.44, 34.64, 62.0, -28.1, 71.55, 10.97
87.33, -10.43, -56.49, 96.0, -82.55, -87.87, 52.49, 94.28
-89.74, 77.22, -6.59
70.85
-76.68, 46.18, 79.17, 58.83, 52.75, -84.02, -13.98, -14.13, 0.39, -91.98
-85.05, 87.83, -63.05, 14.13, 88.88, 15.87, -92.64
79.04, -43.26, -42.58, 25.62, 71.23, 80.8, -42.63
-94.97, -96.9, -48.25, 26.55, 42.29, 12.77, -51.62, 94.08, -46.47, -17.55
-39.3, -31.53, 18.55, 0.26
-56.52, -5.53, -52.36, 52.3, 78.33, 92.11, -88.87, 76.54, 29.96, -30.26
98.57, 94.47, -85.59, 56.06, 57.65, 99.73, 13.67, 54.06, -15.98
-44.18, 10.77, -47.21, 83.87, -23.66, -4.29
-35.39, 49.58, 16.75, -74.98, -48.11, -60.01, -70.35, -4.03, -20.05, -55.48
-82.06, 19.29, 41.53, -15.88, 40.38, 25.03, -96.28
14.06, -92.63, 69.07
-8.2, 50.35, 62.91, -30.49, 78.77, 76.92
75.72, -97.48
47.97, -39.81, 50.99, -56.75, -28.43
15.56, -74.63, -20.56, -89.62, -93.29, 90.8, 15.78
-12.54
85.5, -67.32, 20.48, -65.97, -42.56, 41.85, -25.43
85.38, -85.87, 57.46, -54.43, 3.11, -45.39, -44.41, 1.61
-22.38, 69.78, -19.47
29.8, -60.79, -19.37, -79.21, 62.75
-71.64, 85.34, -42.95, 40.26, -48.89, 27.09, 64.92, 69.03
-80.55, 6.94, -0.7, 57.6, -14.39, 57.9, -42.89, -78.04
65.06, 56.1, -91.43, 51.8, -37.94, 23.95, -12.56
78.23, -61.52, 17.77, 17.38, 22.44, -82.7, -56.28
-95.54, -87.03, -45.85, -95.6, -88.74, -20.65, -68.24
35.06, 32.78, -2.58, -47.74, 47.29, 48.13, -43.6
72.28, -76.29, 21.02, -66.06, 88.56, 47.43, -89.97, -50.49
12.32, -62.93, 24.78, 40.71, -7.43, 96.99, -64.52
22.46, 1.18, 11.21, 91.65, -93.35, 62.21, 46.15, -36.99, 77.15, 63.41
-55.62, 20.13, -93.43
-25.52, 34.25, 24.38, -94.18, -87.19, 13.3, 30.32, 95.4, 59.47, 46.77
-67.28, 12.68, -93.63, 74.5, 96.66
-6.79, 61.47, -82.42
-12.83, -64.51, 18.7
-99.24, -78.8, -46.04
-89.65, 36.71, -86.91, -67.7, 81.93, 35.85, 47.75
-33.27, -96.42, 9.57, 73.61, -81.7, 72.86, -59.13
28.29, 58.85, -0.16, -25.36
-5.56, -84.2, -81.73, 26.5
-68.78, 68.93, -88.09
-97.68, -65.43, 59.27, -99.37, 91.41, -76.56, -50.79
66.42, 12.44, -29.2, 70.09, 22.44, -5.55, 87.02, 7.97, 80.75
-34.98
-94.53, 53.87, 80.59, -21.34, 8.0, 50.8, -80.77, -73.94, -77.42
48.04, -70.95
-90.78, -54.21, -67.74
-16.46, -85.57, 59.01
-34.33
-9.08, 61.43, -64.5, 52.17, -66.67, 84.1
-5.38, -4.57, 33.27, 83.55, -36.81, -76.03
-43.5, 89.2, -55.52, 24.22, -65.89, -69.8, 54.83
-75.0, 1.96, -44.78, 89.48, -54.45
-75.04, 90.49, -71.98, 25.32
-73.44, 31.7, 44.78, 98.76
-32.62, 5.67, 99.84, -39.25, -80.1, 21.49, 59.64
81.77, -13.93
19.76
-79.18, -81.85, 41.29, 82.33
37.42
-20.03, -58.75, -35.81, 11.93, 10.77, -14.72, 43.88, -48.32
11.38, -59.82, 98.16, -57.37, -50.88, 27.39, 36.02
74.7, 83.08, -52.39, -18.75, 6.1
82.26, -32.65, 15.71, -87.1, 62.45, -15.61, 16.75, -53.27, -42.13, 73.74
56.67, 19.79
-4.85
-13.27, 30.5, 43.07, 86.91, -23.16, 17.32, -62.09, -1.32, 48.6
-69.15, 47.31, 83.64
-61.26, -53.4, -78.35, 2.84, 18.5, 97.6, -89.87, 60.52
14.41, -33.0, 58.15, 48.45, -22.67
14.99, -55.27, -35.06, -59.71
-12.36, 12.53, 15.09, 22.45, -78.95, 40.79, 34.56, 74.48
-77.77, 27.77, 53.65, 23.08, -77.44, -25.26, -8.68, 68.48, -18.43, 70.44
50.88, -5.46
55.54, 71.21, -8.09, 5.2, 82.37, 93.72, 54.1, -82.63, 61.69, -60.64
77.91, 3.64, -52.21, -78.37, -87.91, 14.71, 56.3, -40.86, -4.74, -35.36
19.12, 96.37, 2.01, 99.37, 26.46, -16.09, -97.82, 3.78, -60.29, -53.56
-36.73, -1.24
-63.12, 44.15, 37.39, 55.82, 93.9, 89.0
38.29, -53.03, -73.91
-59.79, -12.67, 91.01, 2.11
43.25, -30.8, 70.49
32.27, 51.57, -61.74, 72.17
72.94, -65.38
-33.72, -39.71, -52.62, 63.78
-15.18, -39.17, -84.25
94.66, 73.92, -78.41, -73.01, 90.04, 45.47, -10.0, 68.94, 11.29, -52.7
-40.74, 35.27, 33.25, 23.31, -61.16, 7.2
-80.9, -75.29, 99.0, 3.41, -53.56
38.55, -55.39, 47.17, 6.72, 25.05, -57.08, 68.54
82.32
41.58, 91.92, -61.41, -25.28, -62.12, 80.38, 77.8, 55.79, 40.33, 45.11
30.23, 83.84, -61.16, -42.51, -15.9, -9.66, 48.62, -34.63, 13.24, 90.29
-38.98, -4.67
92.11, -60.99, 61.85, 54.64, -29.87, 82.16, -30.38
22.63, 44.67, -14.03, -79.46, -61.2
11.8, 65.87, 71.0, -76.42, 56.66, 18.88, 72.16, -80.54, -13.95
-99.72, -99.25, -51.87, -84.34, 87.16, 30.57, 64.34
40.69, -44.83, -75.1, -34.57, -16.6, 74.87
-24.8, 1.37, -80.85, 81.15
62.8, -18.78, 42.81, 76.18, -24.49, 83.37, 11.77, -88.12, -75.82, -67.05
-24.94, 98.61, -79.11, 93.09, -49.05, 76.71, -88.26, -78.3, -61.25
-67.24, -54.22, -59.72, 40.79, -10.44, 79.77
-58.87
-26.08, -36.98, -9.75, 60.05, -2.58, -1.6, -10.0, 90.99, 18.94
-31.17, -49.22, -81.85, -92.46, -40.76, -89.57, 22.22, -11.76, -6.91
37.34
20.73
-6.65, 91.41, -45.94, 4.65, 42.14, -15.53
-58.83, 22.64, 46.53
41.36, -96.36, 15.93, 91.66
62.63
66.68, 73.1, -46.65, -70.41
41.41, 66.98, 32.21, 21.01, -74.31, 81.82, -84.96, -79.95
27.9, -42.32, 13.64, -86.63, 80.95, -24.79, 79.42, 69.45
63.24, 60.41, -7.18, -5.27, -22.77, 26.23, 99.48, -18.47, -18.38
48.98, -15.97, -96.53, 48.88
-64.75, -96.91, 55.98, -73.12, 19.54, -48.79, 75.57, -51.32
-80.97, 43.1, 43.04, 32.28, -50.0, 48.74, 78.37, 40.75, 10.07, -8.64
80.13, -50.84, -64.48, 41.45, -55.92, 65.64
11.69, -82.33, -43.22
95.35, -4.56, -90.69, -75.45, -81.84, 8.02, -34.88, -34.19, -80.27
-10.79, 81.48, 64.11, -78.54, -52.79, -43.86
-29.66, -72.76, 60.39, -10.42, -44.71, -81.05, -51.91, -32.57, 44.11
33.17, -18.71, 71.77, 22.96, 96.33, 36.84, 47.93, 89.62
-70.67
54.09
-10.29, -23.65, -11.29, -16.77, 53.25, -5.08, 57.95, 6.22, 79.53
-39.35, -31.48, -14.9, -65.61
-77.98, 0.01, 40.42, -90.14, -16.95
36.2, 22.87, 78.25, -5.23
59.71, -36.31
5.76, 19.77, -81.44, -98.08, -69.72
93.94
-74.86, -49.53, 46.71, 43.69
-40.25, -22.79
15.71, 5.75, 79.08, 22.33, -85.33, 23.36, -86.63, 4.52, -61.11, 35.62
-11.42, -20.51, -48.15, 89.78, -48.06
24.39
-61.79, 43.49, 21.42, 23.83, 99.42, 80.23
4.18, 64.16
57.6, -19.38, 38.78, -63.64
-49.48
23.97, 25.33, 70.53, 66.81
-67.91, 18.29, 38.05
-81.39, 92.12, -10.14, -23.28, 20.91, 72.33
71.31, -87.6, 58.66, -94.56, 49.64, 6.29, -82.46, 24.04, 54.75, 93.72
21.95, -19.76, -83.8, -91.83, 66.88, -90.29, 76.88
-10.27, -82.9, -14.79, 40.06, 71.07, 62.59, 33.5, -13.25, -66.41, 27.54
-31.16, -30.63, 23.78, 17.13, -99.87, 86.39, -25.49, -46.25
-20.85, 80.22, 81.52, -2.81
-51.67, 74.62, 20.23, 61.04
-29.39, -74.81, 85.14, -27.77, -15.66, -75.86, -29.47, -57.69, -32.66
-22.22, 96.76, 51.89, -83.06
27.55, 1.24
-9.23, -46.31
37.34, -28.07
-97.83, -73.24, -4.36, 19.74, 19.3, -23.93
76.28, 70.22, -72.03, 32.22, -88.93, -54.51, 67.43, -10.79, -37.14
-93.65, -19.97, 8.22, -51.02, -68.79
84.06
-12.51, 35.59, 38.71, 79.91, -98.89, -67.6, -35.54, -73.81
47.45, 68.82, -31.19, 31.41
-4.78, 30.45, 77.7, 51.17, 68.52, -81.52, -85.11, 26.91
-21.8, -45.45, -32.77, 38.96, -57.59
72.58, -74.21, -55.77, -6.77, 6.37, 12.36
-73.01, 18.44, 3.59, -36.56, 77.38, -7.55, 50.1
-88.05, 45.08, 90.23, -34.66, 84.15, -70.17, -57.06, -39.38, 20.92, 48.8
24.9, 80.77, -56.1, 12.65, 85.72, -64.27, 6.85, -45.72, -31.4, -76.39
-57.29, 83.57, 32.81, 58.51, -84.41, 32.54
-56.73, 40.07, -75.58, 68.89, -56.86, -17.35, 75.32, -28.12, -27.79
21.11
66.01, 56.52, 73.03, -8.93, -79.97, 54.96, 17.36
61.26, 93.07, 82.06, -24.56, 3.83, 40.79, -20.09
-29.97, 48.0, -5.51, 55.39, -49.05, 55.34, 61.51, 94.98, 82.98, 42.96
-16.78, 91.78, -72.99, -85.07, -19.31
-43.95, 40.71, -5.7, -68.57, -60.73, -75.44, -18.61, 62.96, -93.96
60.05, 12.73, 67.8, 23.54, 92.85, 88.86, -65.15, 17.35, 39.19
85.68, 93.67, -53.42, 61.67, 33.79, 8.01
-53.29, -98.44, 28.47, 54.64, 61.39, -65.02
4.65, -24.13
-57.09, 93.39, -19.12, 94.73, 6.62, -39.91, 94.9
-2.15, -3.96, 92.33, -54.82, 60.94, -93.84, -43.73, -40.22, 97.74
66.36, -5.77, 24.27, 54.21, 99.51
92.28, -30.66, -42.39, 87.87
-87.07, -18.58, -70.68, 0.62, 76.61, -66.2, -12.41, 94.91
24.69, -75.82, -12.75, 42.24, 69.7, -54.02
-30.08, -94.92, -42.33, -67.18, -95.47
-54.0, 90.76, -84.37, 85.25, -44.31, -83.93, -98.92, -70.7, 2.04, -35.58
43.74, 23.4, -61.97, -97.48, -34.05
99.43, 82.48
99.45, -14.09, -69.69, -65.23, -9.0, -66.46
-68.68, 30.72, -32.36, 48.72, -90.01, 9.72
-78.8, 55.35, -34.23, -99.72, -5.79, 83.67, 1.33, -21.75, 62.28, 8.92
-57.92, 40.08, 60.64, 85.06
28.77
-53.43, 48.74, 36.64
-15.15
-2.28, -15.0, 13.73, -93.41, 28.2, 23.29, 56.97, 52.04, 42.21, 32.08
85.5, -46.4
29.68, -62.44
37.02, 60.97, 53.6, -1.86, 66.46, 79.22, 94.82
40.52, -65.24, 39.04, -99.42, 3.6, -43.24, -56.5, -96.57, 13.92
15.59, -43.79, 46.06, -60.1, 36.86, -84.39, -80.02, -11.1, -41.13, 55.15
-38.47, 21.6, 10.75, -23.65, 41.53, -65.87
-69.62, -95.72, -66.5, 96.45
-82.47, 5.97, 15.34, 84.89, -63.8, 50.74
-1.03, 64.47, -60.16, 72.6, 41.74, 8.97, 55.45, -68.34, -19.38
-45.08, -50.99, -37.76, 28.91, -53.92, -73.19
-20.27, -5.13, -16.32, 31.3, 98.85
-72.58, -68.46, 65.35, 87.01, 30.77, -16.76, -56.59, 62.74, 75.18, 20.19
69.31, -60.69, 83.51
-97.38, 30.65, -23.38, -52.71, 71.62, -23.7, 41.28, 15.99, -49.19, 13.14
99.08
1.82, 65.38
-45.23
-79.69, 88.25, 78.74, 65.62
-69.82, 20.49, -9.91
43.26, 73.51, -50.37
-29.37, -38.16, -50.3, 46.99, 50.22, -11.7, -0.1, -75.46, 55.46, 21.05
-94.09
0.55, -5.86, -66.65, 39.64, -55.59, -31.85, -91.2, -87.58, -14.06
-19.37, 97.17, 45.05, -78.33, 98.02, -63.33, 66.64, -21.76
-23.02, 78.08, -17.26, -88.96, -72.82, 41.2, 16.07
-23.21
-19.72, 1.68, 68.9, -22.41, -55.45
47.46, -15.92, -0.82, -91.69, 22.89, -7.9
-11.21, 86.73, -22.98, 97.17
-66.71
54.71, -4.49, 37.86, 39.25, 36.34, 67.38, -12.26, 59.05
91.11, 46.53, 63.75, 31.17, 23.14, -45.41, 37.57, -62.62, -2.15, 70.59
-32.16, -69.17, -46.94, 68.21, 7.3, -26.28
68.96, -22.54, 97.86, -39.77, 2.16, -83.35, -99.93, 80.23
-47.75, 29.74, 16.09, -96.22, 41.88, -5.35
-64.86, -36.77, -85.43, -53.7, -71.33
47.51, -66.44, -91.5, -97.67, 50.34, 92.04, -3.46
3.0, 61.04, -55.93, -24.29, -89.79
96.33, -53.54, 3.86, 59.12
83.94, -63.38, 75.41, -67.52, 26.4
-75.76, 89.95, -90.17, -29.33
36.29
62.35, 28.28, 61.56, -2.05, -81.6, 13.5
-75.06, -32.21, 4.09, 48.54
79.55, 32.88, 80.82, 36.47, -10.42
-40.0, 68.24, -5.16, 43.25, 93.08
86.77, -45.03, -1.6
42.57, -43.63, -82.32, -28.69, 99.0, 51.37
-2.75
55.6, -52.63, -9.64, -6.65, -26.85, 94.97, 9.05, -34.72, -0.72
-99.17, 81.44, 72.16, 87.1, -10.12, 79.65, 75.08, -19.2, -66.59, 8.16
38.39, 5.02, 69.61, -2.24, 20.11, -55.9, -58.31, 23.02, -17.96
-53.12, -1.28
67.54, -17.0, -16.3, 89.79, -98.0, -89.33, -95.13, -71.12, -42.96
-39.66, 19.26, -74.02, -6.86, -86.29, -79.75, -37.41, 2.56
61.39, 63.35, 2.64, -76.05, 79.24
41.93, -40.68, 39.69, -22.94, 23.54, -34.68, 32.26, -63.17
80.76, -31.9, -21.14, 78.46, 40.35, 40.55, 54.02, 99.44
46.03, -42.41, 98.75, 71.41, 16.92
14.9
11.62, -5.85, -42.27, 57.86, 22.24, -93.91, -16.34, -47.25, 47.61
-91.58
-62.21, -37.59, -1.86, -47.04, 56.97, 7.97
52.73, 3.96, 68.05, 31.21, -53.22
2.26, 10.0, -75.86
-49.25
-89.0
88.2, 6.18, -57.89, -98.77, -62.87, -1.27, 35.01
-93.47, -86.5, 63.92
-81.15, -66.2, -63.77
-2.98, -18.28, 45.92, 80.89, 8.41, -97.88, 13.15
31.05, 68.28, 80.88, -15.35, 34.67, -33.31
30.38, 75.85, -78.0, 77.25
64.48, 4.18, 63.9
31.34, 48.01, 21.88, 12.7, -95.8, -73.24, -91.35, -4.36, -50.7, -56.23
64.38, 86.69, 34.85, -18.04, 7.03, -47.07, 10.31, -12.09
-1.4
-89.3, 99.97, -18.64, -9.91, -40.54, 61.15, -22.71
-82.68, 43.43, -33.02, 94.61, -9.87, 6.71, 65.34
59.03
59.61
-37.09, 32.02, -30.41, -22.39
-11.77, -30.48, -79.73, -28.03, -87.47
-17.12, -56.11, -32.5
-94.42, 81.31, 74.42, 26.28, -45.96, 40.64, 80.91, -19.98
49.0
29.66
2.23, 63.55, -40.16, -59.53, 90.77
50.92, 46.43
64.11, 59.98, -68.48
-74.39, -73.36, 27.84, -17.91, 9.96, -39.25, -15.72, -17.62
-21.09, 47.06, 11.7, 71.42, 55.25, 50.41, 37.7, 81.12
38.5, -38.63, -35.13, -0.49, -92.46
70.94, -85.22, 91.88, -8.42, 44.18, 95.09
24.32, 20.32, 27.57, 98.66, 45.91, -14.67
