49796
53830
14930
59814
77829
47720
6485
79338
10957
71228
98330
30018
32417
85673
44544
2451
55652
55129
75979
3338
45328
96940
33297
71854
15327
63738
8690
62487
27608
19787
39218
51271
22832
12088
22518
82400
32634
47958
45014
69813
46368
11494
87936
11552
6852
65848
44706
68321
37286
70356
3965
44722
33626
36508
92798
76538
43768
78241
5073
29304
18013
69302
24762
86004
95448
68381
82250
78528
22642
11352
32869
78205
26985
53518
14077
47030
55685
43378
92408
65493
89922
50388
86545
62670
83816
33674
96074
21208
41406
3102
75885
86035
39922
15470
67702
1586
69237
35076
5710
83364
16949
97086
17479
34644
26167
13627
93463
22556
96941
34282
66131
77376
95373
87182
91634
50971
18958
91196
29637
7837
91922
96229
90298
7669
92056
55208
32922
40928
99993
83425
3082
16991
29936
445
54083
58971
6961
69826
66109
43629
59911
78302
87265
57091
7376
50662
81396
18707
31406
10511
70880
75833
3132
74348
14243
12683
37711
30417
58272
64953
92979
50254
86461
30214
97501
19518
93623
16237
95249
28808
71968
62994
31201
52355
78792
73266
92030
31964
12383
69205
99439
29627
94970
22250
1673
12616
94150
90252
39060
31922
132
66144
57211
73976
94949
64834
1869
12839
72319
94887
14343
946
37026
91279
34658
95846
38609
38223
69943
75234
69562
76316
57908
20349
26650
34655
86914
45872
52652
19841
75898
95551
50352
41807
57050
86024
31863
49991
97909
51067
72390
44748
12119
11405
43758
84971
50837
46487
82960
30992
43974
55191
13276
50911
83123
79119
2591
2376
47464
58536
79347
38248
47644
52527
68635
69163
54827
68628
58772
75788
98032
62144
32089
57249
78787
20457
56059
13311
524
62732
75239
50057
27617
64047
10936
51476
49437
88437
36405
47917
34986
46314
53712
45078
91926
2371
55683
21035
75135
76855
42084
88181
72536
82298
68570
19353
60692
84678
47196
8157
13935
97211
40747
27999
43927
94916
5630
30111
45235
29036
71573
78237
84807
77577
1571
99978
63912
11609
24897
68001
93844
20873
70637
31993
30284
7345
72856
43909
67002
8978
34579
89149
71336
76115
85726
80400
79575
27196
93482
76924
6235
83518
9933
18318
41044
15081
33137
43835
95113
57251
75053
73536
19943
39782
61771
23723
77933
82859
5397
37399
18310
27828
46292
50734
75974
27886
95529
59676
17128
27864
17401
60239
56314
47930
8939
43259
80624
95431
42491
89951
23253
79608
55638
12513
18361
9219
70857
13782
88835
21203
119
44787
31339
13190
56676
4267
74258
1795
39004
98054
76136
29997
37417
13433
59884
48976
98764
43082
21337
16011
28283
22195
90294
18923
21840
78899
22277
27482
63446
52339
54599
76878
44524
2097
47669
9785
47642
12743
5089
87404
62822
56511
96251
69061
72944
42283
23941
97475
60757
33398
33925
40114
26364
20496
12086
81516
73939
16500
89295
80972
96099
59721
47044
80246
86083
77850
56571
31198
35405
2210
57697
13361
16673
56780
17647
1486
72685
3323
42200
10437
67304
28639
34006
47092
95619
55587
76108
99026
12606
40306
37038
76312
18760
89902
83360
78222
47739
33528
98105
28699
74573
30644
34562
34661
39881
580
9948
14405
51426
67886
9265
97367
34827
50570
87710
46838
98969
13420
70390
13540
59242
18449
16426
77681
77494
5668
75948
54062
10509
49545
13623
22344
19041
60089
23189
58601
44711
79142
32447
7302
11627
26114
55171
66207
37542
56303
12081
29463
50557
2029
34577
55248
41766
13215
42814
29263
50112
5764
31373
12885
24962
6972
25919
77459
99392
86588
85921
44896
84167
80765
53190
98433
31839
83794
51853
93118
82690
11173
42056
14522
76245
85087
84564
31855
24191
3717
57519
49041
44523
4020
17806
44435
20001
84475
2146
54123
77382
80443
44656
57155
16476
65445
58527
10786
74982
74749
16656
75206
23028
24213
72010
13758
92974
32112
4729
4731
36210
63866
65122
88150
34301
39181
34290
51140
87189
51879
67021
84007
7240
29425
17348
96899
74093
88058
51161
2268
1362
57108
68223
11593
31623
97893
45987
63613
78352
72435
95751
19412
34832
3063
38419
28663
87533
40618
65336
60780
89540
22869
78682
27751
52524
91946
16807
33189
67084
21065
10391
38313
37520
79049
5005
88369
16536
80203
27442
57569
54872
11124
49736
80667
13406
69143
47711
48899
48184
68852
23936
31101
87359
83441
23204
55481
4242
13191
80794
41669
93564
73007
77694
2190
4767
85162
52349
35964
7974
54689
79073
78936
61282
29008
12460
22086
13119
35560
87444
33044
32415
55149
58485
36470
6200
94651
89057
29438
40976
9986
25926
39205
48749
95311
50556
64415
92846
74599
45118
49673
34125
36085
14137
26253
58175
86320
77582
38208
6201
36103
40024
15202
34629
57603
29023
47970
39900
76522
72333
98004
85654
79192
96490
35860
22805
60722
33379
75277
95613
24383
62877
20521
44717
93032
79659
19763
54598
68213
31532
11333
23362
44089
6629
75241
2139
52752
78583
82354
72686
99180
95172
72073
91428
62141
52907
50127
37576
43470
47165
60935
90912
70699
29132
1055
26479
80906
50822
51856
19332
57452
74507
55873
62103
98516
1132
64374
69871
31338
83449
8572
39157
33657
51848
47729
80110
80206
46105
66693
89067
27318
54371
37978
54576
82512
4552
9123
11119
40009
67953
55899
55455
4446
23325
69474
42620
5793
88619
94885
93631
55090
88422
82116
30262
20565
65316
94975
73090
19134
20411
69301
89151
33540
13033
93079
70346
74961
27293
24380
95281
19590
10968
51499
82403
41562
29302
8655
15969
59119
17261
77401
70921
46156
81054
14884
34759
60101
40548
79751
61652
23714
4384
11274
81435
27430
34682
77878
32583
34650
84325
47168
37389
87683
30547
49872
98634
80945
15032
73318
44688
72680
82437
45621
78675
75396
32174
24177
92266
2679
50270
84561
42458
69769
87099
59968
3639
39377
53626
23287
26587
67471
84040
34751
39485
91338
42663
60293
88719
87097
57600
30775
71037
51867
42558
3653
3417
10063
21678
63448
25701
93184
17217
62312
83890
1507
63349
31777
13944
75936
83429
31620
64502
37525
54169
46424
14336
5783
18368
24698
76427
73156
20107
2308
15704
59379
83896
77549
18514
10417
86880
84953
60996
77202
29535
59326
14332
90626
43583
56432
85199
49823
94677
47430
50256
65738
63640
63470
18381
12160
90150
53328
9261
4946
76614
66727
66809
7312
65304
50495
66069
45709
46705
16794
70567
65999
33601
23305
64483
5343
37961
44011
20518
61030
7811
91986
25347
53739
91623
41297
47332
85754
1876
70403
64166
89947
11555
26652
93075
71951
47666
58810
57000
68168
31196
94977
97849
87575
94348
63063
38449
99827
79353
47299
3888
65977
99433
4919
58567
99538
53148
84050
3963
73023
70581
15201
55885
61532
75758
7179
85517
60125
85664
28424
23781
86067
85305
6037
57316
47574
26519
58959
26412
71908
39730
81834
53567
27271
57232
4926
59138
34836
60907
61011
3620
26560
46131
35039
33660
83432
92973
29434
56096
67719
69593
73724
76621
69505
34040
3187
22327
79169
26574
48706
24717
42218
11103
53628
54727
63603
70761
2614
55538
67096
85084
59233
38513
99723
92666
18589
28556
40908
4037
8628
28561
13220
64683
81640
2055
98910
64117
40370
53411
30119
47992
34262
62414
20780
58341
22270
74741
52199
35784
91810
90551
23249
79775
27173
57867
64425
67377
80366
88624
48320
57760
52286
43571
86930
55345
24673
54194
38882
80784
19428
89079
83746
90998
26427
48321
47509
49848
97916
90073
61224
62321
19872
56815
31541
33868
27782
95042
46372
6927
45374
21306
85234
65098
77726
39415
73079
99338
60065
39623
70226
8662
20677
52438
16297
50028
27376
97864
3047
59400
76359
2116
52987